[?1034h=========================================
Binning:
1 	169.0 180.0
2 	180.0 191.0
3 	191.0 203.0
4 	203.0 216.0
5 	216.0 229.0
6 	229.0 243.0
7 	243.0 257.0
8 	257.0 272.0
9 	272.0 287.0
10 	287.0 303.0
11 	303.0 319.0
12 	319.0 335.0
13 	335.0 352.0
14 	352.0 369.0
15 	369.0 387.0
16 	387.0 405.0
17 	405.0 424.0
18 	424.0 443.0
19 	443.0 462.0
20 	462.0 482.0
21 	482.0 502.0
22 	502.0 523.0
23 	523.0 544.0
24 	544.0 566.0
25 	566.0 588.0
26 	588.0 611.0
27 	611.0 634.0
28 	634.0 657.0
29 	657.0 681.0
30 	681.0 705.0
31 	705.0 730.0
32 	730.0 755.0
33 	755.0 781.0
34 	781.0 807.0
35 	807.0 834.0
36 	834.0 861.0
37 	861.0 889.0
38 	889.0 917.0
39 	917.0 946.0
40 	946.0 976.0
41 	976.0 1006.0
42 	1006.0 1037.0
43 	1037.0 1068.0
44 	1068.0 1100.0
45 	1100.0 1133.0
46 	1133.0 1166.0
47 	1166.0 1200.0
=========================================
Flavour inclusive , Single-photon trigger
==------------------------------------==
Data
1 	202575.0
2 	182229.0
3 	177660.0
4 	169041.0
5 	149205.0
6 	141341.0
7 	122950.0
8 	116105.0
9 	100383.0
10 	94262.0
11 	81993.0
12 	71736.0
13 	66969.0
14 	58224.0
15 	53538.0
16 	46665.0
17 	43264.0
18 	37252.0
19 	32888.0
20 	30224.0
21 	26720.0
22 	24264.0
23 	21209.0
24 	19490.0
25 	17100.0
26 	15633.0
27 	13699.0
28 	12123.0
29 	11176.0
30 	9516.0
31 	9017.0
32 	7745.0
33 	7070.0
34 	6254.0
35 	5601.0
36 	5004.0
37 	4669.0
38 	4131.0
39 	3690.0
40 	3266.0
41 	2884.0
42 	2731.0
43 	2314.0
44 	2131.0
45 	1987.0
46 	1584.0
47 	1574.0
==------------------------------------==
Background prediction
1 	203306.243915
2 	181892.067981
3 	176817.555501
4 	169235.746741
5 	149046.018566
6 	141008.006028
7 	123582.789916
8 	115841.747026
9 	101174.303388
10 	94143.250645
11 	82029.5032152
12 	71711.9378809
13 	66561.4354933
14 	58101.5715003
15 	53678.6422043
16 	46815.1767556
17 	43091.5406297
18 	37567.8925576
19 	32865.3906971
20 	30263.988783
21 	26492.3672961
22 	24350.9198343
23 	21301.6394194
24 	19526.1694403
25 	17090.409462
26 	15630.0898769
27 	13684.3322344
28 	12020.0280783
29 	11024.2424977
30 	9681.290278
31 	8859.97337117
32 	7790.75660821
33 	7118.12208465
34 	6254.06588023
35 	5709.7104242
36 	5024.24044063
37 	4581.00787609
38 	4033.61014582
39 	3683.07036267
40 	3345.26638664
41 	2939.46244066
42 	2674.87982097
43 	2351.27351032
44 	2138.53227604
45 	1934.37585815
46 	1702.38964301
47 	1544.92964862
==------------------------------------==
Fit uncertainty (stat)
1 	355.719189711
2 	216.57710765
3 	186.770372669
4 	183.2746735
5 	163.861967455
6 	151.602438974
7 	128.561640387
8 	119.55037378
9 	108.471603145
10 	108.730191136
11 	103.30378476
12 	97.479866804
13 	96.0451416858
14 	87.362539587
15 	82.6720118949
16 	72.9558440427
17 	67.5746044874
18 	59.482626708
19 	53.1259919248
20 	50.7715288918
21 	58.4361852697
22 	43.588563232
23 	39.7300495757
24 	37.9154032678
25 	33.6834918501
26 	32.6159442579
27 	30.1881452544
28 	27.297582066
29 	27.0178237177
30 	25.2346097668
31 	25.2232943572
32 	23.0355039684
33 	22.0651396854
34 	20.752573692
35 	20.0338416435
36 	19.160261695
37 	18.6453397318
38 	17.55149406
39 	17.4281507546
40 	17.0878082413
41 	15.5943224737
42 	15.1405523269
43 	14.0558506606
44 	12.9669348545
45 	12.0767278323
46 	11.0754588354
47 	10.6565639115
==------------------------------------==
Fit uncertainty (function choice)
1 	200.867940107
2 	19.8393507043
3 	-74.051605762
4 	-115.055909665
5 	-107.846995269
6 	-86.596986304
7 	-50.4980593637
8 	-17.7554369729
9 	12.2893850759
10 	35.3664103903
11 	48.8352774053
12 	54.4404882503
13 	57.5467153703
14 	52.6975152555
15 	47.4427173189
16 	37.3117744767
17 	28.0258178428
18 	16.9379196864
19 	7.06141209713
20 	-2.18211699905
21 	-1.3698119998
22 	1.29947040702
23 	1.51005948617
24 	1.13667992001
25 	1.102940304
26 	1.29858304937
27 	1.21474750039
28 	1.19168482699
29 	1.20071863441
30 	0.913155346494
31 	-1.02964101993
32 	-1.59216122101
33 	-1.02733175495
34 	-0.828658688485
35 	-0.737005756579
36 	-0.758415167084
37 	0.669493056252
38 	-0.678446559521
39 	0.77723546768
40 	-0.717420169185
41 	0.773617936114
42 	0.787276271059
43 	0.742071770148
44 	0.699534783066
45 	0.644649402866
46 	0.670731515036
47 	0.559004964065


=========================================
Flavour inclusive , Combined trigger
==------------------------------------==
Data
1 	 0.0
2 	 0.0
3 	 0.0
4 	 0.0
5 	 0.0
6 	 0.0
7 	 0.0
8 	 0.0
9 	 0.0
10 	 0.0
11 	 0.0
12 	 0.0
13 	160870.0
14 	138533.0
15 	126048.0
16 	108058.0
17 	98253.0
18 	83884.0
19 	72686.0
20 	66381.0
21 	57150.0
22 	51804.0
23 	44348.0
24 	40286.0
25 	34720.0
26 	31487.0
27 	27229.0
28 	23835.0
29 	21854.0
30 	18753.0
31 	17144.0
32 	14849.0
33 	13227.0
34 	11670.0
35 	10463.0
36 	9200.0
37 	8451.0
38 	7405.0
39 	6708.0
40 	5985.0
41 	5109.0
42 	4788.0
43 	4010.0
44 	3660.0
45 	3428.0
46 	2786.0
47 	2683.0
==------------------------------------==
Background prediction
1 	 0.0
2 	 0.0
3 	 0.0
4 	 0.0
5 	 0.0
6 	 0.0
7 	 0.0
8 	 0.0
9 	 0.0
10 	 0.0
11 	 0.0
12 	 0.0
13 	161251.68031
14 	138411.226349
15 	125830.357839
16 	108048.377126
17 	97975.1393724
18 	84185.0432588
19 	72643.4845518
20 	66007.2287181
21 	56989.4616809
22 	51687.4233429
23 	44659.3727346
24 	40445.8385417
25 	34977.7491104
26 	31642.42598
27 	27392.335309
28 	23797.7979714
29 	21584.6011259
30 	18768.2418691
31 	17008.5053001
32 	14803.1897824
33 	13406.8178604
34 	11680.2871512
35 	10573.7653778
36 	9221.84803634
37 	8354.05821716
38 	7300.60038968
39 	6605.22429455
40 	5963.21858857
41 	5198.25936655
42 	4692.38938485
43 	4100.82679465
44 	3697.81673452
45 	3329.12961514
46 	2903.30095529
47 	2612.53878948
==------------------------------------==
Fit uncertainty (stat)
1 	 0.0
2 	 0.0
3 	 0.0
4 	 0.0
5 	 0.0
6 	 0.0
7 	 0.0
8 	 0.0
9 	 0.0
10 	 0.0
11 	 0.0
12 	 0.0
13 	261.52148356
14 	175.146816042
15 	133.942177682
16 	107.611071999
17 	99.0683118234
18 	89.3500724939
19 	81.0383493889
20 	76.8009764305
21 	68.611722837
22 	64.0718880611
23 	56.9882642011
24 	53.3326379515
25 	47.9926872912
26 	45.5341630307
27 	41.6450002088
28 	38.3732442044
29 	37.0063464165
30 	34.2223697116
31 	32.9201406359
32 	30.313449977
33 	28.9179552161
34 	26.4108296127
35 	24.9383747086
36 	22.5826674694
37 	21.0574296477
38 	19.3783059063
39 	18.0245043419
40 	18.0016614729
41 	17.5045133234
42 	17.1494072596
43 	16.0355075089
44 	15.0202139644
45 	14.8889304139
46 	14.1718678613
47 	13.3975921722
==------------------------------------==
Fit uncertainty (function choice)
1 	 0.0
2 	 0.0
3 	 0.0
4 	 0.0
5 	 0.0
6 	 0.0
7 	 0.0
8 	 0.0
9 	 0.0
10 	 0.0
11 	 0.0
12 	 0.0
13 	35.4962698487
14 	10.8163603286
15 	-6.92285325457
16 	-12.335791712
17 	-14.8041315202
18 	-13.9553005783
19 	-11.8702168327
20 	-9.89712684538
21 	-7.48208410293
22 	-5.90863951893
23 	4.76456343478
24 	4.56415196458
25 	4.55339369159
26 	4.82619064832
27 	4.79907868804
28 	4.640954321
29 	4.55901305988
30 	4.19672105616
31 	3.95568248063
32 	3.54233350667
33 	3.28980251266
34 	2.95418335976
35 	2.79034775441
36 	2.58155716247
37 	2.42374245609
38 	2.29491873235
39 	2.33573385458
40 	2.03054724881
41 	-1.90781120939
42 	-1.90864027252
43 	-1.57227322091
44 	-1.57886513273
45 	-1.30389922373
46 	-1.17558827839
47 	-1.07494502188


=========================================
2 b-tags , Single-photon trigger
==------------------------------------==
Data
1 	1278.0
2 	1111.0
3 	1144.0
4 	1134.0
5 	959.0
6 	912.0
7 	738.0
8 	737.0
9 	691.0
10 	590.0
11 	525.0
12 	414.0
13 	451.0
14 	342.0
15 	342.0
16 	293.0
17 	260.0
18 	203.0
19 	180.0
20 	168.0
21 	154.0
22 	133.0
23 	105.0
24 	114.0
25 	89.0
26 	73.0
27 	56.0
28 	65.0
29 	55.0
30 	40.0
31 	50.0
32 	39.0
33 	33.0
34 	30.0
35 	20.0
36 	25.0
37 	23.0
38 	11.0
39 	22.0
40 	12.0
41 	11.0
42 	10.0
43 	10.0
44 	7.0
45 	4.0
46 	5.0
47 	6.0
==------------------------------------==
Background prediction
1 	1275.29722731
2 	1151.10703992
3 	1126.85803141
4 	1084.35709813
5 	958.309467809
6 	908.055753987
7 	795.664410427
8 	744.360129929
9 	647.763757402
10 	599.62419253
11 	518.984701677
12 	450.164660146
13 	414.048998031
14 	357.720914725
15 	326.741348494
16 	281.433415977
17 	255.594190101
18 	219.658398497
19 	189.344275426
20 	171.674761518
21 	147.750044869
22 	133.454570592
23 	114.738553974
24 	103.321128806
25 	88.6878604992
26 	80.6159751611
27 	69.2009915947
28 	59.2938347734
29 	53.1728575131
30 	45.6503024262
31 	41.5540416183
32 	36.183961575
33 	32.0878607638
34 	27.6655328461
35 	24.7623176017
36 	21.7545178092
37 	19.2788122072
38 	16.9320878583
39 	15.1154463302
40 	13.3564803473
41 	11.2949650696
42 	10.2459750209
43 	8.82247962065
44 	7.86373251475
45 	7.02917708461
46 	5.84960088778
47 	5.37624585411
==------------------------------------==
Fit uncertainty (stat)
1 	24.5062482771
2 	16.7035580394
3 	12.9626745051
4 	11.0363049593
5 	9.80513091555
6 	9.90365448318
7 	9.28610319033
8 	9.1378850287
9 	8.2033091272
10 	7.70509045115
11 	6.69609487631
12 	5.80889621411
13 	5.35839980139
14 	4.68487084211
15 	4.38787923593
16 	3.93373550149
17 	3.76830682285
18 	3.45041566864
19 	3.18125812782
20 	3.09053225541
21 	2.84749959008
22 	2.74504954043
23 	2.50874928982
24 	2.38985836304
25 	2.33887352854
26 	2.11819400385
27 	2.06721958114
28 	1.88052539953
29 	1.87892891867
30 	1.69916085468
31 	1.75967531982
32 	1.55761169229
33 	1.39573373364
34 	1.36468773117
35 	1.43799730018
36 	1.31913533848
37 	1.19852442744
38 	1.14301622312
39 	1.10665242472
40 	1.05583921666
41 	0.962062570607
42 	0.846908810486
43 	0.739546088445
44 	0.689845282699
45 	0.643348875601
46 	0.550432322555
47 	0.539816453529
==------------------------------------==
Fit uncertainty (function choice)
1 	13.8114706678
2 	6.38453856336
3 	1.63333338897
4 	-2.45325812619
5 	-4.46080716794
6 	-5.66310273021
7 	-5.63847309962
8 	-5.42348327774
9 	-4.49325115022
10 	-3.67274699504
11 	-2.56736254937
12 	-1.60051705021
13 	-0.874622412017
14 	-0.533422047514
15 	0.896597429708
16 	1.29623090072
17 	1.6808763921
18 	1.87628456504
19 	1.96729987383
20 	2.0819605369
21 	2.02753946847
22 	2.02027134681
23 	1.87605784152
24 	1.79058268674
25 	1.70393098641
26 	1.52636764584
27 	1.35316896401
28 	1.38993576328
29 	1.55927778297
30 	1.60168004719
31 	1.16567706522
32 	0.941192800414
33 	1.14794457293
34 	1.24674383716
35 	1.47339465277
36 	0.977974505497
37 	1.23781809862
38 	-0.739515674136
39 	0.905773384759
40 	0.876367732191
41 	0.936696228608
42 	0.672097425654
43 	0.616673763672
44 	0.439000566253
45 	0.460502327534
46 	0.382657983988
47 	0.269321566975


=========================================
2 b-tags , Combined trigger
==------------------------------------==
Data
1 	 0.0
2 	 0.0
3 	 0.0
4 	 0.0
5 	 0.0
6 	 0.0
7 	 0.0
8 	 0.0
9 	 0.0
10 	 0.0
11 	 0.0
12 	 0.0
13 	1048.0
14 	890.0
15 	815.0
16 	725.0
17 	622.0
18 	485.0
19 	425.0
20 	381.0
21 	339.0
22 	300.0
23 	248.0
24 	231.0
25 	197.0
26 	166.0
27 	112.0
28 	124.0
29 	105.0
30 	94.0
31 	101.0
32 	82.0
33 	60.0
34 	55.0
35 	49.0
36 	48.0
37 	35.0
38 	19.0
39 	35.0
40 	21.0
41 	21.0
42 	24.0
43 	21.0
44 	11.0
45 	8.0
46 	10.0
47 	11.0
==------------------------------------==
Background prediction
1 	 0.0
2 	 0.0
3 	 0.0
4 	 0.0
5 	 0.0
6 	 0.0
7 	 0.0
8 	 0.0
9 	 0.0
10 	 0.0
11 	 0.0
12 	 0.0
13 	1079.9703134
14 	905.537511696
15 	805.352568011
16 	677.364622744
17 	602.334413125
18 	508.043933865
19 	430.911057424
20 	385.153088332
21 	327.301591842
22 	292.342341358
23 	248.860434152
24 	222.135540826
25 	189.386565302
26 	168.940926149
27 	144.227914038
28 	123.612831377
29 	110.604973586
30 	94.8672798794
31 	84.7944425981
32 	72.7737811991
33 	64.9774782532
34 	55.7922014406
35 	49.7609115623
36 	42.7404711006
37 	37.8865182198
38 	32.502655329
39 	28.9378475214
40 	25.8143094575
41 	22.1904225263
42 	19.5582907439
43 	16.662831329
44 	14.6422103367
45 	12.9159350895
46 	11.0461924794
47 	9.69504119719
==------------------------------------==
Fit uncertainty (stat)
1 	 0.0
2 	 0.0
3 	 0.0
4 	 0.0
5 	 0.0
6 	 0.0
7 	 0.0
8 	 0.0
9 	 0.0
10 	 0.0
11 	 0.0
12 	 0.0
13 	20.8893470404
14 	15.3131542998
15 	12.1730889954
16 	9.47450556383
17 	8.13595954715
18 	6.89584815867
19 	6.04134452754
20 	5.66094894901
21 	5.07053298025
22 	4.76876351044
23 	4.25688569707
24 	3.96151046784
25 	3.50042110062
26 	3.21758285896
27 	2.81684165982
28 	2.46517983126
29 	2.24687704926
30 	1.9614772729
31 	1.78585533169
32 	1.56551356157
33 	1.43423447608
34 	1.27161751893
35 	1.18002058534
36 	1.06345173709
37 	0.978922672523
38 	0.910279777828
39 	0.901772699924
40 	0.851203060598
41 	0.795084955349
42 	0.726048963508
43 	0.663929128707
44 	0.635681040797
45 	0.608573444784
46 	0.566523977936
47 	0.527858880511
==------------------------------------==
Fit uncertainty (function choice)
1 	 0.0
2 	 0.0
3 	 0.0
4 	 0.0
5 	 0.0
6 	 0.0
7 	 0.0
8 	 0.0
9 	 0.0
10 	 0.0
11 	 0.0
12 	 0.0
13 	-14.2603609364
14 	-4.6952712337
15 	1.39064700352
16 	3.95274091334
17 	5.29398579702
18 	5.32405416061
19 	4.76877315806
20 	4.15187457796
21 	3.20657262509
22 	2.42543355542
23 	1.61877853571
24 	1.06964708584
25 	0.773842414986
26 	-0.865475524579
27 	-1.05361359522
28 	-1.21530229724
29 	-1.37592895897
30 	-1.42285802637
31 	-1.47675074061
32 	-1.42919051614
33 	-1.40441307087
34 	-1.30037913189
35 	-1.22810404418
36 	-1.09872739339
37 	-1.00256986564
38 	-0.940461162774
39 	-0.886463941746
40 	-0.755066803446
41 	-0.698630578252
42 	-0.604552268804
43 	-0.596663828096
44 	0.51621784801
45 	0.584480352688
46 	0.704645783329
47 	0.796345349571


